%YAML:1.0
---
big_w: 0.230
big_h: 0.057
small_w: 0.135
small_h: 0.057
buff_r_w: 0.0730
buff_r_h: 0.0725
buff_in_w: 0.36426
buff_in_h: 0.043
buff_out_w: 0.337836
buff_out_h: 0.047
buff_radius: 0.700
buff_convex: 0.146


self_type: omni_infantry

omni_infantry:
  F_MAT: !!opencv-matrix
    rows: 3
    cols: 3
    dt: d
    data: [ 1579.60532    , 0.000000000000, 627.56545     ,
            0.000000000000, 1579.86788    , 508.65311     ,
            0.000000000000, 0.000000000000, 1.000000000000 ]
  C_MAT: !!opencv-matrix
    rows: 1
    cols: 5
    dt: d
    data: [ -0.09082 , 0.22923 , -0.00020 , 0.00013 , 0.00000 ]
  center_offset_position: !!opencv-matrix
    rows: 3
    cols: 1
    dt: d
    data: [ 0 , 0.125 , -0.02 ]
  gimbal_offset_angle: !!opencv-matrix
    rows: 3
    cols: 1
    dt: d
    data: [ 0 , 0 , 0 ]

balance_infantry:
  F_MAT: !!opencv-matrix
    rows: 3
    cols: 3
    dt: d
    data: [ 1579.60532    , 0.000000000000, 627.56545     ,
            0.000000000000, 1579.86788    , 508.65311     ,
            0.000000000000, 0.000000000000, 1.000000000000 ]
  C_MAT: !!opencv-matrix
    rows: 1
    cols: 5
    dt: d
    data: [ -0.09082 , 0.22923 , -0.00020 , 0.00013 , 0.00000 ]
  center_offset_position: !!opencv-matrix
    rows: 3
    cols: 1
    dt: d
    data: [ 0 , 0 , 0 ]
  gimbal_offset_angle: !!opencv-matrix
    rows: 3
    cols: 1
    dt: d
    data: [ 0 , 0 , 0 ]

hero:
  F_MAT: !!opencv-matrix
    rows: 3
    cols: 3
    dt: d
    data: [ 1579.60532    , 0.000000000000, 627.56545     ,
            0.000000000000, 1579.86788    , 508.65311     ,
            0.000000000000, 0.000000000000, 1.000000000000 ]
  C_MAT: !!opencv-matrix
    rows: 1
    cols: 5
    dt: d
    data: [ -0.09082 , 0.22923 , -0.00020 , 0.00013 , 0.00000 ]
  center_offset_position: !!opencv-matrix
    rows: 3
    cols: 1
    dt: d
    data: [ -0.078 , 0.26 , 0.0205 ]
  gimbal_offset_angle: !!opencv-matrix
    rows: 3
    cols: 1
    dt: d
    data: [ 0 , 0 , 0 ]
#595 6mm
