%YAML:1.0
---
R: !!opencv-matrix
  rows: 3
  cols: 3
  dt: d
  data: [ 0.01, 0, 0,
          0, 0.01, 0,
          0, 0.0, 0.01 ]
Q: !!opencv-matrix
  rows: 6
  cols: 6
  dt: d
  data: [ 1, 0, 0, 0, 0, 0,
          0, 1, 0, 0, 0, 0,
          0, 0, 1, 0, 0, 0,
          0, 0, 0, 0.1, 0, 0,
          0, 0, 0, 0, 0.1, 0,
          0, 0, 0, 0, 0, 0.1 ]